100
50
25
13
7
4
2
1
1
2
1
1
3
2
1
1
1
6
3
2
1
1
1
3
2
1
1
1
12
6
3
2
1
1
1
3
2
1
1
1
6
3
2
1
1
1
3
2
1
1
1
25
13
7
4
2
1
1
2
1
1
3
2
1
1
1
6
3
2
1
1
1
3
2
1
1
1
12
6
3
2
1
1
1
3
2
1
1
1
6
3
2
1
1
1
3
2
1
1
1
50
25
13
7
4
2
1
1
2
1
1
3
2
1
1
1
6
3
2
1
1
1
3
2
1
1
1
12
6
3
2
1
1
1
3
2
1
1
1
6
3
2
1
1
1
3
2
1
1
1
25
13
7
4
2
1
1
2
1
1
3
2
1
1
1
6
3
2
1
1
1
3
2
1
1
1
12
6
3
2
1
1
1
3
2
1
1
1
6
3
2
1
1
1
3
2
1
1
1
